
 -------------------
 Time = 0
 -------------------

 -----------------------------
 p(=-log(Activity)) of species

 Local Chemistry                     pH+           pCaCO3(s)
 ------------------- ------------------- -------------------
 1                        7.999839037600      0.000000000000
 2                        7.999839037600      0.000000000000
 3                        7.999839037600      0.000000000000
 4                        7.999839037600      0.000000000000
 5                        7.999839037600      0.000000000000
 6                        7.999839037600      0.000000000000
 7                        7.999839037600      0.000000000000
 8                        7.999839037600      0.000000000000
 9                        7.999839037600      0.000000000000
 10                       7.999839037600      0.000000000000
 11                       7.999839037600      0.000000000000
 12                       7.999839037600      0.000000000000
 13                       7.999839037600      0.000000000000
 14                       7.999839037600      0.000000000000
 15                       7.999839037600      0.000000000000
 16                       7.999839037600      0.000000000000
 17                       7.999839037600      0.000000000000
 18                       7.999839037600      0.000000000000
 19                       7.999839037600      0.000000000000
 20                       7.999839037600      0.000000000000

 ---------------------------
 Concentration of components

 Local Chemistry     Ca                                                          C                                                          
                                  Liquid                 Gas            Immobile              Liquid                 Gas            Immobile
                          (mol/m3_phase)      (mol/m3_phase)     (mol/m3_medium)      (mol/m3_phase)      (mol/m3_phase)     (mol/m3_medium)
 ------------------- ------------------- ------------------- ------------------- ------------------- ------------------- -------------------
 1                    0.969796000000E+00  0.000000000000E+00  0.135501355014E+01  0.994411000000E+00  0.000000000000E+00  0.135501355014E+01
 2                    0.969796000000E+00  0.000000000000E+00  0.135501355014E+01  0.994411000000E+00  0.000000000000E+00  0.135501355014E+01
 3                    0.969796000000E+00  0.000000000000E+00  0.135501355014E+01  0.994411000000E+00  0.000000000000E+00  0.135501355014E+01
 4                    0.969796000000E+00  0.000000000000E+00  0.135501355014E+01  0.994411000000E+00  0.000000000000E+00  0.135501355014E+01
 5                    0.969796000000E+00  0.000000000000E+00  0.135501355014E+01  0.994411000000E+00  0.000000000000E+00  0.135501355014E+01
 6                    0.969796000000E+00  0.000000000000E+00  0.135501355014E+01  0.994411000000E+00  0.000000000000E+00  0.135501355014E+01
 7                    0.969796000000E+00  0.000000000000E+00  0.135501355014E+01  0.994411000000E+00  0.000000000000E+00  0.135501355014E+01
 8                    0.969796000000E+00  0.000000000000E+00  0.135501355014E+01  0.994411000000E+00  0.000000000000E+00  0.135501355014E+01
 9                    0.969796000000E+00  0.000000000000E+00  0.135501355014E+01  0.994411000000E+00  0.000000000000E+00  0.135501355014E+01
 10                   0.969796000000E+00  0.000000000000E+00  0.135501355014E+01  0.994411000000E+00  0.000000000000E+00  0.135501355014E+01
 11                   0.969796000000E+00  0.000000000000E+00  0.135501355014E+01  0.994411000000E+00  0.000000000000E+00  0.135501355014E+01
 12                   0.969796000000E+00  0.000000000000E+00  0.135501355014E+01  0.994411000000E+00  0.000000000000E+00  0.135501355014E+01
 13                   0.969796000000E+00  0.000000000000E+00  0.135501355014E+01  0.994411000000E+00  0.000000000000E+00  0.135501355014E+01
 14                   0.969796000000E+00  0.000000000000E+00  0.135501355014E+01  0.994411000000E+00  0.000000000000E+00  0.135501355014E+01
 15                   0.969796000000E+00  0.000000000000E+00  0.135501355014E+01  0.994411000000E+00  0.000000000000E+00  0.135501355014E+01
 16                   0.969796000000E+00  0.000000000000E+00  0.135501355014E+01  0.994411000000E+00  0.000000000000E+00  0.135501355014E+01
 17                   0.969796000000E+00  0.000000000000E+00  0.135501355014E+01  0.994411000000E+00  0.000000000000E+00  0.135501355014E+01
 18                   0.969796000000E+00  0.000000000000E+00  0.135501355014E+01  0.994411000000E+00  0.000000000000E+00  0.135501355014E+01
 19                   0.969796000000E+00  0.000000000000E+00  0.135501355014E+01  0.994411000000E+00  0.000000000000E+00  0.135501355014E+01
 20                   0.969796000000E+00  0.000000000000E+00  0.135501355014E+01  0.994411000000E+00  0.000000000000E+00  0.135501355014E+01

 ----------------------------------------------
 Volume fraction of phases (m3_phase/m3_medium)

 Local Chemistry                 Calcite
 ------------------- -------------------
 1                    0.500000000000E-04
 2                    0.500000000000E-04
 3                    0.500000000000E-04
 4                    0.500000000000E-04
 5                    0.500000000000E-04
 6                    0.500000000000E-04
 7                    0.500000000000E-04
 8                    0.500000000000E-04
 9                    0.500000000000E-04
 10                   0.500000000000E-04
 11                   0.500000000000E-04
 12                   0.500000000000E-04
 13                   0.500000000000E-04
 14                   0.500000000000E-04
 15                   0.500000000000E-04
 16                   0.500000000000E-04
 17                   0.500000000000E-04
 18                   0.500000000000E-04
 19                   0.500000000000E-04
 20                   0.500000000000E-04

 -------------------
 Time = 0.315358E+08
 -------------------

 -----------------------------
 p(=-log(Activity)) of species

 Local Chemistry                     pH+           pCaCO3(s)
 ------------------- ------------------- -------------------
 1                        9.602569569786      0.000000000000
 2                        9.426619756165      0.000000000000
 3                        9.011490490822      0.000000000000
 4                        8.667377187027      0.000000000000
 5                        8.344084840398      0.000000000000
 6                        8.174690324859      0.000000000000
 7                        8.056824918385      0.000000000000
 8                        8.018407793788      0.000000000000
 9                        7.999967502442      0.000000000000
 10                       7.999967502442      0.000000000000
 11                       7.999967502442      0.000000000000
 12                       7.999967502442      0.000000000000
 13                       7.999967502442      0.000000000000
 14                       7.999967502442      0.000000000000
 15                       7.999967502442      0.000000000000
 16                       7.999967502442      0.000000000000
 17                       7.999967502442      0.000000000000
 18                       7.999967502442      0.000000000000
 19                       7.999967502442      0.000000000000
 20                       7.999967502442      0.000000000000

 ---------------------------
 Concentration of components

 Local Chemistry     Ca                                                          C                                                          
                                  Liquid                 Gas            Immobile              Liquid                 Gas            Immobile
                          (mol/m3_phase)      (mol/m3_phase)     (mol/m3_medium)      (mol/m3_phase)      (mol/m3_phase)     (mol/m3_medium)
 ------------------- ------------------- ------------------- ------------------- ------------------- ------------------- -------------------
 1                    0.159502410056E+00  0.000000000000E+00  0.133488824805E+01  0.150381788943E+00  0.000000000000E+00  0.133488824805E+01
 2                    0.188831353300E+00  0.000000000000E+00  0.134332218078E+01  0.181483375661E+00  0.000000000000E+00  0.134332218078E+01
 3                    0.293066860563E+00  0.000000000000E+00  0.135611541860E+01  0.290593652477E+00  0.000000000000E+00  0.135611541860E+01
 4                    0.433799703463E+00  0.000000000000E+00  0.135532298594E+01  0.437087586667E+00  0.000000000000E+00  0.135532298594E+01
 5                    0.636384283194E+00  0.000000000000E+00  0.135494814936E+01  0.647704457140E+00  0.000000000000E+00  0.135494814936E+01
 6                    0.781669689955E+00  0.000000000000E+00  0.135494880193E+01  0.798750955191E+00  0.000000000000E+00  0.135494880193E+01
 7                    0.903690528618E+00  0.000000000000E+00  0.135500013421E+01  0.925646563407E+00  0.000000000000E+00  0.135500013421E+01
 8                    0.947791501080E+00  0.000000000000E+00  0.135501189013E+01  0.971520179343E+00  0.000000000000E+00  0.135501189013E+01
 9                    0.969782964871E+00  0.000000000000E+00  0.135501485365E+01  0.994397964871E+00  0.000000000000E+00  0.135501485365E+01
 10                   0.969782964871E+00  0.000000000000E+00  0.135501485365E+01  0.994397964871E+00  0.000000000000E+00  0.135501485365E+01
 11                   0.969782964871E+00  0.000000000000E+00  0.135501485365E+01  0.994397964871E+00  0.000000000000E+00  0.135501485365E+01
 12                   0.969782964871E+00  0.000000000000E+00  0.135501485365E+01  0.994397964871E+00  0.000000000000E+00  0.135501485365E+01
 13                   0.969782964871E+00  0.000000000000E+00  0.135501485365E+01  0.994397964871E+00  0.000000000000E+00  0.135501485365E+01
 14                   0.969782964871E+00  0.000000000000E+00  0.135501485365E+01  0.994397964871E+00  0.000000000000E+00  0.135501485365E+01
 15                   0.969782964871E+00  0.000000000000E+00  0.135501485365E+01  0.994397964871E+00  0.000000000000E+00  0.135501485365E+01
 16                   0.969782964871E+00  0.000000000000E+00  0.135501485365E+01  0.994397964871E+00  0.000000000000E+00  0.135501485365E+01
 17                   0.969782964871E+00  0.000000000000E+00  0.135501485365E+01  0.994397964871E+00  0.000000000000E+00  0.135501485365E+01
 18                   0.969782964871E+00  0.000000000000E+00  0.135501485365E+01  0.994397964871E+00  0.000000000000E+00  0.135501485365E+01
 19                   0.969782964871E+00  0.000000000000E+00  0.135501485365E+01  0.994397964871E+00  0.000000000000E+00  0.135501485365E+01
 20                   0.969782964871E+00  0.000000000000E+00  0.135501485365E+01  0.994397964871E+00  0.000000000000E+00  0.135501485365E+01

 ----------------------------------------------
 Volume fraction of phases (m3_phase/m3_medium)

 Local Chemistry                 Calcite
 ------------------- -------------------
 1                    0.492573763529E-04
 2                    0.495685884708E-04
 3                    0.500406589462E-04
 4                    0.500114181813E-04
 5                    0.499975867114E-04
 6                    0.499976107911E-04
 7                    0.499995049525E-04
 8                    0.499999387458E-04
 9                    0.500000480996E-04
 10                   0.500000480996E-04
 11                   0.500000480996E-04
 12                   0.500000480996E-04
 13                   0.500000480996E-04
 14                   0.500000480996E-04
 15                   0.500000480996E-04
 16                   0.500000480996E-04
 17                   0.500000480996E-04
 18                   0.500000480996E-04
 19                   0.500000480996E-04
 20                   0.500000480996E-04

 -------------------
 Time = 0.630716E+08
 -------------------

 -----------------------------
 p(=-log(Activity)) of species

 Local Chemistry                     pH+           pCaCO3(s)
 ------------------- ------------------- -------------------
 1                        9.688512238296      0.000000000000
 2                        9.679551757001      0.000000000000
 3                        9.645772643586      0.000000000000
 4                        9.566358737215      0.000000000000
 5                        9.399878472843      0.000000000000
 6                        9.154668937045      0.000000000000
 7                        8.864294204424      0.000000000000
 8                        8.604244333020      0.000000000000
 9                        8.389124141811      0.000000000000
 10                       8.234953545179      0.000000000000
 11                       8.127437318366      0.000000000000
 12                       8.063012915165      0.000000000000
 13                       8.026074775644      0.000000000000
 14                       8.009347469740      0.000000000000
 15                       8.002300568809      0.000000000000
 16                       8.000433484530      0.000000000000
 17                       7.999967502442      0.000000000000
 18                       7.999967502442      0.000000000000
 19                       7.999967502442      0.000000000000
 20                       7.999967502442      0.000000000000

 ---------------------------
 Concentration of components

 Local Chemistry     Ca                                                          C                                                          
                                  Liquid                 Gas            Immobile              Liquid                 Gas            Immobile
                          (mol/m3_phase)      (mol/m3_phase)     (mol/m3_medium)      (mol/m3_phase)      (mol/m3_phase)     (mol/m3_medium)
 ------------------- ------------------- ------------------- ------------------- ------------------- ------------------- -------------------
 1                    0.147653669881E+00  0.000000000000E+00  0.130914635324E+01  0.137669416868E+00  0.000000000000E+00  0.130914635324E+01
 2                    0.148819755306E+00  0.000000000000E+00  0.132634213418E+01  0.138926261638E+00  0.000000000000E+00  0.132634213418E+01
 3                    0.153358449193E+00  0.000000000000E+00  0.135706642343E+01  0.143805303072E+00  0.000000000000E+00  0.135706642343E+01
 4                    0.164957079297E+00  0.000000000000E+00  0.135685727504E+01  0.156198077453E+00  0.000000000000E+00  0.135685727504E+01
 5                    0.193950861963E+00  0.000000000000E+00  0.135636259940E+01  0.186879416705E+00  0.000000000000E+00  0.135636259940E+01
 6                    0.250545819260E+00  0.000000000000E+00  0.135589848025E+01  0.246214171756E+00  0.000000000000E+00  0.135589848025E+01
 7                    0.345786635065E+00  0.000000000000E+00  0.135536270696E+01  0.345515050174E+00  0.000000000000E+00  0.135536270696E+01
 8                    0.467042969272E+00  0.000000000000E+00  0.135506547210E+01  0.471656789795E+00  0.000000000000E+00  0.135506547210E+01
 9                    0.602856323321E+00  0.000000000000E+00  0.135496559920E+01  0.612850559948E+00  0.000000000000E+00  0.135496559920E+01
 10                   0.726255274413E+00  0.000000000000E+00  0.135496305926E+01  0.741134916454E+00  0.000000000000E+00  0.135496305926E+01
 11                   0.828308169337E+00  0.000000000000E+00  0.135498741187E+01  0.847247873991E+00  0.000000000000E+00  0.135498741187E+01
 12                   0.896796988461E+00  0.000000000000E+00  0.135500437569E+01  0.918476490868E+00  0.000000000000E+00  0.135500437569E+01
 13                   0.938807534837E+00  0.000000000000E+00  0.135501235168E+01  0.962174593831E+00  0.000000000000E+00  0.135501235168E+01
 14                   0.958528348724E+00  0.000000000000E+00  0.135501440884E+01  0.982689551995E+00  0.000000000000E+00  0.135501440884E+01
 15                   0.966970303304E+00  0.000000000000E+00  0.135501481803E+01  0.991471854121E+00  0.000000000000E+00  0.135501481803E+01
 16                   0.969220485670E+00  0.000000000000E+00  0.135501485166E+01  0.993812795834E+00  0.000000000000E+00  0.135501485166E+01
 17                   0.969782964871E+00  0.000000000000E+00  0.135501485365E+01  0.994397964871E+00  0.000000000000E+00  0.135501485365E+01
 18                   0.969782964871E+00  0.000000000000E+00  0.135501485365E+01  0.994397964871E+00  0.000000000000E+00  0.135501485365E+01
 19                   0.969782964871E+00  0.000000000000E+00  0.135501485365E+01  0.994397964871E+00  0.000000000000E+00  0.135501485365E+01
 20                   0.969782964871E+00  0.000000000000E+00  0.135501485365E+01  0.994397964871E+00  0.000000000000E+00  0.135501485365E+01

 ----------------------------------------------
 Volume fraction of phases (m3_phase/m3_medium)

 Local Chemistry                 Calcite
 ------------------- -------------------
 1                    0.483075004344E-04
 2                    0.489420247511E-04
 3                    0.500757510244E-04
 4                    0.500680334491E-04
 5                    0.500497799179E-04
 6                    0.500326539214E-04
 7                    0.500128838870E-04
 8                    0.500019159207E-04
 9                    0.499982306105E-04
 10                   0.499981368866E-04
 11                   0.499990354980E-04
 12                   0.499996614628E-04
 13                   0.499999557770E-04
 14                   0.500000316863E-04
 15                   0.500000467853E-04
 16                   0.500000480261E-04
 17                   0.500000480996E-04
 18                   0.500000480996E-04
 19                   0.500000480996E-04
 20                   0.500000480996E-04

 -------------------
 Time = 0.946074E+08
 -------------------

 -----------------------------
 p(=-log(Activity)) of species

 Local Chemistry                     pH+           pCaCO3(s)
 ------------------- ------------------- -------------------
 1                        9.690691502765      0.000000000000
 2                        9.690348067705      0.000000000000
 3                        9.688716268825      0.000000000000
 4                        9.683357350227      0.000000000000
 5                        9.668302855838      0.000000000000
 6                        9.633499573420      0.000000000000
 7                        9.562335406146      0.000000000000
 8                        9.437968614023      0.000000000000
 9                        9.251953681946      0.000000000000
 10                       9.025068933091      0.000000000000
 11                       8.791678517088      0.000000000000
 12                       8.581725438982      0.000000000000
 13                       8.406745520919      0.000000000000
 14                       8.270618458739      0.000000000000
 15                       8.169792816066      0.000000000000
 16                       8.099903849766      0.000000000000
 17                       8.054234102048      0.000000000000
 18                       8.026932087926      0.000000000000
 19                       8.011914183348      0.000000000000
 20                       8.004645305469      0.000000000000

 ---------------------------
 Concentration of components

 Local Chemistry     Ca                                                          C                                                          
                                  Liquid                 Gas            Immobile              Liquid                 Gas            Immobile
                          (mol/m3_phase)      (mol/m3_phase)     (mol/m3_medium)      (mol/m3_phase)      (mol/m3_phase)     (mol/m3_medium)
 ------------------- ------------------- ------------------- ------------------- ------------------- ------------------- -------------------
 1                    0.147372432093E+00  0.000000000000E+00  0.128337919413E+01  0.137366070103E+00  0.000000000000E+00  0.128337919413E+01
 2                    0.147416691805E+00  0.000000000000E+00  0.130916440374E+01  0.137413814974E+00  0.000000000000E+00  0.130916440374E+01
 3                    0.147627300274E+00  0.000000000000E+00  0.135707218585E+01  0.137640977948E+00  0.000000000000E+00  0.135707218585E+01
 4                    0.148322593670E+00  0.000000000000E+00  0.135689752718E+01  0.138390581736E+00  0.000000000000E+00  0.135689752718E+01
 5                    0.150305957340E+00  0.000000000000E+00  0.135655278074E+01  0.140526094373E+00  0.000000000000E+00  0.135655278074E+01
 6                    0.155064494509E+00  0.000000000000E+00  0.135642244571E+01  0.145634454365E+00  0.000000000000E+00  0.135642244571E+01
 7                    0.165580829328E+00  0.000000000000E+00  0.135625433454E+01  0.156862015722E+00  0.000000000000E+00  0.135625433454E+01
 8                    0.186714702433E+00  0.000000000000E+00  0.135607518954E+01  0.179250219290E+00  0.000000000000E+00  0.135607518954E+01
 9                    0.225867057531E+00  0.000000000000E+00  0.135579284434E+01  0.220394812368E+00  0.000000000000E+00  0.135579284434E+01
 10                   0.288687697807E+00  0.000000000000E+00  0.135545666016E+01  0.286027463072E+00  0.000000000000E+00  0.135545666016E+01
 11                   0.375694966296E+00  0.000000000000E+00  0.135517928102E+01  0.376644113893E+00  0.000000000000E+00  0.135517928102E+01
 12                   0.479565912721E+00  0.000000000000E+00  0.135502735676E+01  0.484677745657E+00  0.000000000000E+00  0.135502735676E+01
 13                   0.590261823259E+00  0.000000000000E+00  0.135497317401E+01  0.599758047473E+00  0.000000000000E+00  0.135497317401E+01
 14                   0.695465577436E+00  0.000000000000E+00  0.135496989118E+01  0.709124486989E+00  0.000000000000E+00  0.135496989118E+01
 15                   0.786369308876E+00  0.000000000000E+00  0.135498468788E+01  0.803637600761E+00  0.000000000000E+00  0.135498468788E+01
 16                   0.856861351798E+00  0.000000000000E+00  0.135499939315E+01  0.876941654111E+00  0.000000000000E+00  0.135499939315E+01
 17                   0.906593742738E+00  0.000000000000E+00  0.135500867550E+01  0.928666283030E+00  0.000000000000E+00  0.135500867550E+01
 18                   0.937808704609E+00  0.000000000000E+00  0.135501288382E+01  0.961135575365E+00  0.000000000000E+00  0.135501288382E+01
 19                   0.955473377810E+00  0.000000000000E+00  0.135501437351E+01  0.979511475104E+00  0.000000000000E+00  0.135501437351E+01
 20                   0.964152477042E+00  0.000000000000E+00  0.135501476336E+01  0.988540397159E+00  0.000000000000E+00  0.135501476336E+01

 ----------------------------------------------
 Volume fraction of phases (m3_phase/m3_medium)

 Local Chemistry                 Calcite
 ------------------- -------------------
 1                    0.473566922634E-04
 2                    0.483081664979E-04
 3                    0.500759636578E-04
 4                    0.500695187529E-04
 5                    0.500567976094E-04
 6                    0.500519882466E-04
 7                    0.500457849445E-04
 8                    0.500391744941E-04
 9                    0.500287559560E-04
 10                   0.500163507598E-04
 11                   0.500061154696E-04
 12                   0.500005094644E-04
 13                   0.499985101208E-04
 14                   0.499983889846E-04
 15                   0.499989349827E-04
 16                   0.499994776071E-04
 17                   0.499998201258E-04
 18                   0.499999754130E-04
 19                   0.500000303826E-04
 20                   0.500000447682E-04

 -------------------
 Time = 0.126143E+09
 -------------------

 -----------------------------
 p(=-log(Activity)) of species

 Local Chemistry                     pH+           pCaCO3(s)
 ------------------- ------------------- -------------------
 1                        9.690747273265      0.000000000000
 2                        9.690735551464      0.000000000000
 3                        9.690668150306      0.000000000000
 4                        9.690389739718      0.000000000000
 5                        9.689431609769      0.000000000000
 6                        9.686665247211      0.000000000000
 7                        9.679645859217      0.000000000000
 8                        9.663899968259      0.000000000000
 9                        9.632002379838      0.000000000000
 10                       9.573571114386      0.000000000000
 11                       9.476575063771      0.000000000000
 12                       9.333562418547      0.000000000000
 13                       9.150159986934      0.000000000000
 14                       8.947222362157      0.000000000000
 15                       8.748116056027      0.000000000000
 16                       8.568991135503      0.000000000000
 17                       8.417113093445      0.000000000000
 18                       8.294382674235      0.000000000000
 19                       8.199278353085      0.000000000000
 20                       8.128792437151      0.000000000000

 ---------------------------
 Concentration of components

 Local Chemistry     Ca                                                          C                                                          
                                  Liquid                 Gas            Immobile              Liquid                 Gas            Immobile
                          (mol/m3_phase)      (mol/m3_phase)     (mol/m3_medium)      (mol/m3_phase)      (mol/m3_phase)     (mol/m3_medium)
 ------------------- ------------------- ------------------- ------------------- ------------------- ------------------- -------------------
 1                    0.147365246907E+00  0.000000000000E+00  0.125761201843E+01  0.137358318927E+00  0.000000000000E+00  0.125761201843E+01
 2                    0.147366757033E+00  0.000000000000E+00  0.129198628710E+01  0.137359948014E+00  0.000000000000E+00  0.129198628710E+01
 3                    0.147375440884E+00  0.000000000000E+00  0.135707219821E+01  0.137369315884E+00  0.000000000000E+00  0.135707219821E+01
 4                    0.147411320164E+00  0.000000000000E+00  0.135689768248E+01  0.137408020466E+00  0.000000000000E+00  0.135689768248E+01
 5                    0.147534911019E+00  0.000000000000E+00  0.135655412951E+01  0.137541332591E+00  0.000000000000E+00  0.135655412951E+01
 6                    0.147892749594E+00  0.000000000000E+00  0.135643063330E+01  0.137927223443E+00  0.000000000000E+00  0.135643063330E+01
 7                    0.148807427617E+00  0.000000000000E+00  0.135629198526E+01  0.138912981978E+00  0.000000000000E+00  0.135629198526E+01
 8                    0.150894486626E+00  0.000000000000E+00  0.135620450691E+01  0.141159014419E+00  0.000000000000E+00  0.135620450691E+01
 9                    0.155274728749E+00  0.000000000000E+00  0.135611873445E+01  0.145859690762E+00  0.000000000000E+00  0.135611873445E+01
 10                   0.163847868928E+00  0.000000000000E+00  0.135603606716E+01  0.155016839014E+00  0.000000000000E+00  0.135603606716E+01
 11                   0.179757291459E+00  0.000000000000E+00  0.135592286258E+01  0.171899706500E+00  0.000000000000E+00  0.135592286258E+01
 12                   0.207479013319E+00  0.000000000000E+00  0.135575114935E+01  0.201108021139E+00  0.000000000000E+00  0.135575114935E+01
 13                   0.251767748405E+00  0.000000000000E+00  0.135551786946E+01  0.247491112137E+00  0.000000000000E+00  0.135551786946E+01
 14                   0.314865286450E+00  0.000000000000E+00  0.135528173133E+01  0.313312277887E+00  0.000000000000E+00  0.135528173133E+01
 15                   0.395016214740E+00  0.000000000000E+00  0.135510868602E+01  0.396746960450E+00  0.000000000000E+00  0.135510868602E+01
 16                   0.486809187305E+00  0.000000000000E+00  0.135501428736E+01  0.492208778393E+00  0.000000000000E+00  0.135501428736E+01
 17                   0.582984800663E+00  0.000000000000E+00  0.135497815745E+01  0.592193266725E+00  0.000000000000E+00  0.135497815745E+01
 18                   0.675732347793E+00  0.000000000000E+00  0.135497461685E+01  0.688609659233E+00  0.000000000000E+00  0.135497461685E+01
 19                   0.758528345525E+00  0.000000000000E+00  0.135498461978E+01  0.774689411238E+00  0.000000000000E+00  0.135498461978E+01
 20                   0.826929637293E+00  0.000000000000E+00  0.135499664322E+01  0.845814330710E+00  0.000000000000E+00  0.135499664322E+01

 ----------------------------------------------
 Volume fraction of phases (m3_phase/m3_medium)

 Local Chemistry                 Calcite
 ------------------- -------------------
 1                    0.464058834799E-04
 2                    0.476742939939E-04
 3                    0.500759641138E-04
 4                    0.500695244835E-04
 5                    0.500568473790E-04
 6                    0.500522903687E-04
 7                    0.500471742561E-04
 8                    0.500439463048E-04
 9                    0.500407813013E-04
 10                   0.500377308782E-04
 11                   0.500335536291E-04
 12                   0.500272174109E-04
 13                   0.500186093831E-04
 14                   0.500098958862E-04
 15                   0.500035105143E-04
 16                   0.500000272034E-04
 17                   0.499986940099E-04
 18                   0.499985633619E-04
 19                   0.499989324700E-04
 20                   0.499993761347E-04

 -------------------
 Time = 0.157679E+09
 -------------------

 -----------------------------
 p(=-log(Activity)) of species

 Local Chemistry                     pH+           pCaCO3(s)
 ------------------- ------------------- -------------------
 1                        9.690748700977      0.000000000000
 2                        9.690748325880      0.000000000000
 3                        9.690745793976      0.000000000000
 4                        9.690733321973      0.000000000000
 5                        9.690682765338      0.000000000000
 6                        9.690509575185      0.000000000000
 7                        9.689989683282      0.000000000000
 8                        9.688603355717      0.000000000000
 9                        9.685264478620      0.000000000000
 10                       9.677940818811      0.000000000000
 11                       9.663170248857      0.000000000000
 12                       9.635635115510      0.000000000000
 13                       9.587988297863      0.000000000000
 14                       9.511640476200      0.000000000000
 15                       9.399482229685      0.000000000000
 16                       9.251199175258      0.000000000000
 17                       9.077058814552      0.000000000000
 18                       8.894276496437      0.000000000000
 19                       8.718669131147      0.000000000000
 20                       8.560400051926      0.000000000000

 ---------------------------
 Concentration of components

 Local Chemistry     Ca                                                          C                                                          
                                  Liquid                 Gas            Immobile              Liquid                 Gas            Immobile
                          (mol/m3_phase)      (mol/m3_phase)     (mol/m3_medium)      (mol/m3_phase)      (mol/m3_phase)     (mol/m3_medium)
 ------------------- ------------------- ------------------- ------------------- ------------------- ------------------- -------------------
 1                    0.147365062975E+00  0.000000000000E+00  0.123184484271E+01  0.137358120506E+00  0.000000000000E+00  0.123184484271E+01
 2                    0.147365111299E+00  0.000000000000E+00  0.127480816996E+01  0.137358172636E+00  0.000000000000E+00  0.127480816996E+01
 3                    0.147365437483E+00  0.000000000000E+00  0.135707219823E+01  0.137358524516E+00  0.000000000000E+00  0.135707219823E+01
 4                    0.147367044263E+00  0.000000000000E+00  0.135689768286E+01  0.137360257870E+00  0.000000000000E+00  0.135689768286E+01
 5                    0.147373557833E+00  0.000000000000E+00  0.135655413441E+01  0.137367284514E+00  0.000000000000E+00  0.135655413441E+01
 6                    0.147395874906E+00  0.000000000000E+00  0.135643067831E+01  0.137391359151E+00  0.000000000000E+00  0.135643067831E+01
 7                    0.147462902484E+00  0.000000000000E+00  0.135629230192E+01  0.137463662133E+00  0.000000000000E+00  0.135629230192E+01
 8                    0.147641892553E+00  0.000000000000E+00  0.135620625777E+01  0.137656715426E+00  0.000000000000E+00  0.135620625777E+01
 9                    0.148074511763E+00  0.000000000000E+00  0.135612657995E+01  0.138123181473E+00  0.000000000000E+00  0.135612657995E+01
 10                   0.149031062792E+00  0.000000000000E+00  0.135606485249E+01  0.139153862214E+00  0.000000000000E+00  0.135606485249E+01
 11                   0.150992400264E+00  0.000000000000E+00  0.135600935536E+01  0.141264280907E+00  0.000000000000E+00  0.135600935536E+01
 12                   0.154765422221E+00  0.000000000000E+00  0.135595885728E+01  0.145313978063E+00  0.000000000000E+00  0.135595885728E+01
 13                   0.161664729822E+00  0.000000000000E+00  0.135590391767E+01  0.152689741913E+00  0.000000000000E+00  0.135590391767E+01
 14                   0.173753462953E+00  0.000000000000E+00  0.135583064526E+01  0.165542275486E+00  0.000000000000E+00  0.135583064526E+01
 15                   0.194028135323E+00  0.000000000000E+00  0.135571857099E+01  0.186960810468E+00  0.000000000000E+00  0.135571857099E+01
 16                   0.226046543687E+00  0.000000000000E+00  0.135555638020E+01  0.220582832151E+00  0.000000000000E+00  0.135555638020E+01
 17                   0.272612930789E+00  0.000000000000E+00  0.135536551446E+01  0.269258560576E+00  0.000000000000E+00  0.135536551446E+01
 18                   0.334225996551E+00  0.000000000000E+00  0.135519374564E+01  0.333478039021E+00  0.000000000000E+00  0.135519374564E+01
 19                   0.408699739533E+00  0.000000000000E+00  0.135507420024E+01  0.410981438158E+00  0.000000000000E+00  0.135507420024E+01
 20                   0.491763034474E+00  0.000000000000E+00  0.135500838492E+01  0.497359319829E+00  0.000000000000E+00  0.135500838492E+01

 ----------------------------------------------
 Volume fraction of phases (m3_phase/m3_medium)

 Local Chemistry                 Calcite
 ------------------- -------------------
 1                    0.454550746961E-04
 2                    0.470404214714E-04
 3                    0.500759641145E-04
 4                    0.500695244975E-04
 5                    0.500568475596E-04
 6                    0.500522920296E-04
 7                    0.500471859408E-04
 8                    0.500440109116E-04
 9                    0.500410708001E-04
 10                   0.500387930569E-04
 11                   0.500367452129E-04
 12                   0.500348818337E-04
 13                   0.500328545619E-04
 14                   0.500301508101E-04
 15                   0.500260152694E-04
 16                   0.500200304292E-04
 17                   0.500129874836E-04
 18                   0.500066492142E-04
 19                   0.500022379887E-04
 20                   0.499998094035E-04
